# Field number, z bin number, mean, shift, field type, zmin, zmax
# Types: 1-galaxies 2-shear

     1      1   0.0000   1.0000      1   0.2000   0.4300
     1      2   0.0000   1.0000      1   0.4300   0.6300
     1      3   0.0000   1.0000      1   0.6300   0.9000
     1      4   0.0000   1.0000      1   0.9000   1.3000
     2      1   0.0000   0.0100      2   0.2000   0.4300
     2      2   0.0000   0.0200      2   0.4300   0.6300
     2      3   0.0000   0.0300      2   0.6300   0.9000
     2      4   0.0000   0.0400      2   0.9000   1.3000
